370100
370101
370102
370103
370104
370105
370106
370107
370108
370109
370110
370111
370112
370113
370114
370115
370116
370117
370118
370119
370120
370121
370122
370123
370124
370125
370126
370127
370128
370129
370130
370131
370132
370133
370134
370135
370136
370137
370138
370139
370140
370141
370142
370143
370144
370145
370146
370147
370148
370149
370150
370151
370152
370153
370154
370155
370156
370157
370158
370159
370160
370161
370162
370163
370164
370165
370166
370167
370168
370169
370170
370171
370172
370173
370174
370175
370176
370177
370178
370179
370180
370181
370182
370183
370184
370185
370186
370187
370400
370401
370402
370403
370404
370405
370406
370407
370408
370409
370410
370411
370412
370413
370414
370415
370416
370417
370418
370419
370420
370421
370422
370423
370424
370425
370426
370427
370428
370429
370430
370431
370432
370433
370434
370435
370436
370437
370438
370439
370440
370441
370442
370443
370444
370445
370446
370447
370448
370449
370450
370451
370452
370453
370454
370455
370456
370457
370458
370459
370460
370461
370462
370463
370464
370465
370500
370501
370502
370503
370504
370505
370506
370507
370508
370509
370510
370511
370512
370513
370514
370515
370516
370517
370518
370519
370520
370521
370522
370523
370524
370525
370526
370527
370528
370529
370530
370531
370532
370533
370534
370535
370536
370537
370538
370539
370540
370541
370542
370543
370544
370545
370546
370547
370548
370549
370550
370551
370552
370553
370554
370555
370556
370557
370558
370559
370560
370561
370562
370563
370564
370565
